Colne
Urban,Int.Agri,NonIntAgri,Wetlands,Forest
Urban,Int.Agri,NonIntAgri,Wetlands,Forest
0 0 0 0 0
0.01 0.01 0.01 0.01 0.01
1 1 1 1 1
0.1 0.1 0.1 0.1 0.1
100 100 100 100 100
50 50 50 50 50
0 0 0 0 0
0.1 0.1 0.1 0.1 0.1
1 1 1 1 1
1/1/2010
5000
500 500 500 500 500
0 0 0 0 0
0 0 0 0 0
0 0 0 0 0
40 40 40 40 40
15 15 15 15 15
30 30 30 30 30
15 15 15 15 15
100 100 100 100 100
0.0015 0.01 0.005 0.0015 0.003
0.0015 0.01 0.005 0.0015 0.003
2.07663 2.07663 2.07663 2.07663 2.07663
118.666 57.8621 49.0356 118.666 118.666
159.203 213.018 213.018 159.203 159.203
0 0 0 0 0
3.0 3.0 3.0 3.0 3.0
0.3 0.3 0.3 0.3 0.3
4.5 4.5 4.5 4.5 4.5
147.0 60.0 60.0 147.0 147.0
60.0 150.0 150.0 60.0 60.0
0 0 0 0 0
0 0 0 0 0
0 0.1 0 0 0
0.0 0.1 0.04 0.0 0.0
0.0 0.0 0.04 0.0 0.0
-0.025 -0.025 -0.025 -0.025 -0.025
2.0 2.0 2.0 2.0 2.0
20.0 20.0 20.0 20.0 20.0
0.7 0.7 0.7 0.7 0.7
6.6 6.6 6.6 6.6 6.6
0.66 0.66 0.66 0.66 0.66
0.34 0.34 0.34 0.34 0.34
0.0 65.097987 32.54901 0.0 3.77373
0 0 0 0 0
163.45 163.45 163.45 163.45 163.45
0 0 0 0 0
0.5 0.5 0.5 0.5 0.5
0 0 0 0 0
200 200 200 200 200
5.0 5.0 5.0 5.0 5.0
2.0 2.0 2.0 2.0 2.0
1181.70037 1181.70037 1181.70037 1181.70037 1181.70037
2.0 2.0 2.0 2.0 2
500.0 500.0 500.0 500.0 500.0
0 0 0 0 0
0.01692 0.01692 0.01692 0.01692 0.01692
0.0 0.2 0.1 0.0 0.0
0.0 0.1 0.0 0.0 0.0
0.0 0.05 0.05 0.0 0.0
10.0 10.0 10.0 10.0 10.0
10.0 10.0 10.0 10.0 10.0
1.0 1.0 1.0 1.0 1.0
2.0 2.0 2.0 2.0 2.0
2.0 2.0 2.0 2.0 2.0
0.01
0.10
0.0
0.1
0
0
0
5
1
1
1
1
1
5
6
0
0
1
1
3
4
TR01
TR01
64.508
1.53 92.59 2.04 0 3.84
0.5 0.01 0.05 0.25 0.01 1.0 0.25 0.0 0.5
9999.0 30.0 10000.0 0.6 0.001 0.1 0.0 0.5 2700.0 0.01 0.01 1.0 0.0 0.0 10.0
0.2 0.2 0.0 0.215
9700.0 20.0 0.00451546 1.0 0.67
0 0 0 0 0 0.0119741 0 0.007687 1.31e-06 9.48e-06 0.144
51.9978 0.578688 1.066 1.066 0.3 0 0.1 0 0.04 0.0054 0.04 0.2
0.009 30.0 0.0054 1.0 1.0 0.01 0.01 0.5 0.5 2.0 0.0 2.0
10.0 10.0 10.0 0.0 0.0
0.30619 0.2677 1 0.469 53.8608 0.409 0.0752 0.1 0.42915 2 0 3 30 10 0.06128 0.05 2.16464 0.55758 0.3311 1 0.67 0.02 0 1
TR02
TR02
64.5088888888
1 2 3 4 5
0.5 0.01 0.05 0.25 0.01 1 0.25 0 0.5
9999 30 10000 0.6 0.001 0.1 0 0.5 2700 0.01 0.01 1.0 0.0 0.0 10.0
0.2 0.2 0 0.215
12000 20 0.00125 1 0.67
0 0 0 0 0 0.001 0.002 0.007687 1.31e-06 9.48e-06 0.144
51.9356 0.697318 1.066 1.066 0.3 0 0.1 0 0.04 0.0054 0.04 0.2
0.009 30 0.0054 1 1 0.01 0.01 0.5 0.5 2 0 2
10 10 10 0 0
0.30619 0.2677 1 0.469 53.8608 0.409 0.0752 0.1 0.42915 2 0 3 30 10 0.06128 0.05 2.16464 0.55758 0.3311 1 0.67 0.02 0 1
TR03
TR03
64.5088888888
1 2 3 4 5
0.5 0.01 0.05 0.25 0.01 1.0 0.25 0.0 0.5
9999.0 30.0 10000.0 0.6 0.001 0.1 0.0 0.5 2700.0 0.01 0.01 1.0 0.0 0.0 10.0
0.2 0.2 0 0.215
13000.0 20 0.000676923 1 0.67
0 0 0 0 0 0.001 0.002 0.007687 1.31e-06 9.48e-06 0.144
51.8986 0.851218 1.066 1.066 0.3 0 0.1 0 0.04 0.0054 0.04 0.2
0.009 30 0.0054 1 1 0.01 0.01 0.5 0.5 2 0 2
10.0 10.0 10.0 0 0
0.30619 0.2677 1 0.469 53.8608 0.409 0.0752 0.1 0.42915 2 0 3 30 10 0.06128 0.05 2.16464 0.55758 0.3311 1 0.67 0.02 0 1
TR04
TR04
63.0545
34.15 36.07 13.87 0.62 15.29
0.5 0.01 0.05 0.25 0.01 1 0.25 0 0.5
9999.0 30.0 10000.0 0.6 0.001 0.1 0.0 0.5 2700.0 0.01 0.01 1.0 0.0 0.0 10.0
0.2 0.2 0 0.215
11200.0 20.0 0.00196429 1.0 0.67
0 0 0 0 0 0.313647 0 0.007687 1.31e-06 9.48e-06 0.144
51.8549 0.951082 1.066 1.066 0.3 0 0.1 0 0.04 0.0054 0.04 0.2
0.009 30 0.0054 1 1 0.01 0.01 0.5 0.5 2 0 2
10.0 10.0 10.0 0 0
0.30619 0.2677 1 0.469 53.8608 0.409 0.0752 0.1 0.42915 2 0 3 30 10 0.06128 0.05 2.16464 0.55758 0.3311 1 0.67 0.02 0 1
