Colne
Urban,Int.Agri,NonIntAgri,Wetlands,Forest
Urban,Int.Agri,NonIntAgri,Wetlands,Forest
0.001 0.001 0.001 0.001 0.001
0.01 0.01 0.01 0.01 0.01
0 0 0 0 0
1 10 1 1 1
0 0 0 0 0
0.1 0.1 0.1 0.1 0.1
1/1/2010
5000
0.0012 0.0012 0.0012 0.0012 0.0012
0 0 0 0 0
0.01 0.04 0.0214 0.0214 0.0214
136.597 136.597 136.597 136.597 136.597
0 1.1 0.2 0 0
0.078 0.078 0.078 0.078 0.078
0.3108 0.3108 0.3108 0.3108 0.3108
0.0329 0.0329 0.0329 0.0329 0.0329
0 0.05 0.02 0 0
0.1 0.5 0.2477 0.2477 0.2477
75.2055 75.2055 75.2055 75.2055 75.2055
153.853 153.853 153.853 153.853 153.853
0 120.64 120.64 0 0
0 108.42 108.42 0 0
650 650 650 650 650
4.5 4.5 4.5 4.5 4.5
9999 9999 9999 9999 9999
9999 9999 9999 9999 9999
9999 9999 9999 9999 9999
9999 9999 9999 9999 9999
9999 9999 9999 9999 9999
9999 9999 9999 9999 9999
2 2 2 2 2
20 20 20 20 20
0 0 0 0 0
3 3 3 3 3
0.3 0.3 0.3 0.3 0.3
-0.025 -0.025 -0.025 -0.025 -0.025
0.7 0.7 0.7 0.7 0.7
6.6 6.6 6.6 6.6 6.6
1 1 1 1 1
0 0 0 0 0
2 2 2 2 2
20 20 20 20 20
2 2 2 2 2
20 20 20 20 20
2 2 2 2 2
20 20 20 20 20
2 2 2 2 2
20 20 20 20 20
2 2 2 2 2
20 20 20 20 20
2 2 2 2 2
20 20 20 20 20
1 1 1 1 1
2 2 2 2 2
2 2 2 2 2
0.01
5
0.6
0
4
TR01
TR01
64.508
1.53 92.59 2.04 0 3.84
0.5 0.01 0.05 100
0 10000 0.6 30 0.001 1.5 0.001 9999
1.5 1.5 1.5 1.5
9700 1 0.67 0.1 10
5 0.5 0.0119741 0 1
51.9978 0.578688
TR02
TR02
64.5088888888
1 2 3 4 5
0.5 0.01 0.05 100
0 10000 0.6 30 0.001 1 0.1 9999
1.5 1.5 1.5 1.5
12000 1 0.67 0.1 10
5 0.5 0.001 0.002 1
51.9356 0.697318
TR03
TR03
64.5088888888
1 2 3 4 5
0.5 0.01 0.05 100
0 10000 0.6 30 0.001 1 0.1 9999
1.5 1.5 1.5 1.5
13000 1 0.67 0.1 10
5 0.5 0.001 0.002 1
51.8986 0.851218
TR04
TR04
63.0545
34.15 36.07 13.87 0.62 15.29
0.5 0.01 0.05 100
0 10000 0.6 30 0.001 1 0.1 9999
1.5 1.5 1.5 1.5
11200 1 0.67 0.1 10
5 0.5 0.313647 0 1
51.8549 0.951082
